27150
20095
20079
10378
20602
26759
16088
29977
29626
23136
18779
19289
22984
12460
26071
15120
29026
15409
24135
14733
13167
23860
24004
28487
26186
26608
22497
18067
25935
21894
21634
26805
15709
15433
27184
26312
12191
13271
10008
11816
10128
18787
24826
23112
24968
20896
11952
27714
10026
26087
12447
16914
23668
26451
19121
23574
26779
15338
15361
22713
27233
10715
19518
12941
16148
16701
12973
18339
23693
12981
20155
23821
25490
14981
20653
20457
29598
22606
18171
29624
22413
24339
20258
16080
20789
29379
13374
21288
14717
18735
14000
11949
23171
27239
18611
29319
13939
21585
17657
11353
24566
11533
25174
20055
20235
19548
14233
19832
12153
22404
23177
24566
16742
13434
14367
11251
16534
21462
